0000000000000000
0000000100111000
0000000010111101
1111111100111010
1111111011001011
0000000000001010
0000000100111011
0000000010110101
1111111100110010
1111111011001111
0000000000010101
0000000100111110
0000000010101100
1111111100101010
1111111011010010
0000000000011111
0000000101000000
0000000010100011
1111111100100011
1111111011010111
0000000000101001
0000000101000010
0000000010011010
1111111100011011
1111111011011011
0000000000110011
0000000101000100
0000000010010001
1111111100010100
1111111011100000
0000000000111101
0000000101000101
0000000010001000
1111111100001101
1111111011100101
0000000001000111
0000000101000110
0000000001111110
1111111100000110
1111111011101010
0000000001010001
0000000101000111
0000000001110101
1111111100000000
1111111011110000
0000000001011011
0000000101001000
0000000001101011
1111111011111001
1111111011110110
0000000001100101
0000000101001000
0000000001100001
1111111011110011
1111111011111100
0000000001101111
0000000101000111
0000000001010111
1111111011101110
1111111100000010
0000000001111001
0000000101000111
0000000001001101
1111111011101000
1111111100001001
0000000010000010
0000000101000110
0000000001000011
1111111011100011
1111111100010000
0000000010001100
0000000101000101
0000000000111001
1111111011011110
1111111100010111
0000000010010101
0000000101000011
0000000000101111
1111111011011001
1111111100011110
0000000010011110
0000000101000001
0000000000100101
1111111011010101
1111111100100110
0000000010100111
0000000100111111
0000000000011011
1111111011010001
1111111100101110
0000000010110000
0000000100111101
0000000000010000
1111111011001101
1111111100110110
0000000010111000
0000000100111010
0000000000000110
1111111011001010
1111111100111110
0000000011000001
0000000100110111
1111111111111100
1111111011000111
1111111101000110
0000000011001001
0000000100110100
1111111111110010
1111111011000100
1111111101001111
0000000011010001
0000000100110000
1111111111100111
1111111011000001
1111111101010111
0000000011011001
0000000100101100
1111111111011101
1111111010111111
1111111101100000
0000000011100000
0000000100101000
1111111111010011
1111111010111101
1111111101101001
0000000011101000
0000000100100011
1111111111001001
1111111010111011
1111111101110011
0000000011101111
0000000100011110
1111111110111111
1111111010111010
1111111101111100
0000000011110110
0000000100011001
1111111110110101
1111111010111001
1111111110000101
0000000011111100
0000000100010100
1111111110101011
1111111010111001
1111111110001111
0000000100000011
0000000100001110
1111111110100001
1111111010111000
1111111110011001
0000000100001001
0000000100001000
1111111110010111
1111111010111000
1111111110100011
0000000100001111
0000000100000010
1111111110001101
1111111010111001
1111111110101101
0000000100010101
0000000011111011
1111111110000100
1111111010111001
1111111110110111
0000000100011010
0000000011110100
1111111101111010
1111111010111010
1111111111000001
0000000100011111
0000000011101101
1111111101110001
1111111010111100
1111111111001011
0000000100100100
0000000011100110
1111111101101000
1111111010111101
1111111111010101
0000000100101000
0000000011011111
1111111101011111
1111111010111111
1111111111011111
0000000100101101
0000000011010111
1111111101010110
1111111011000010
1111111111101001
0000000100110001
0000000011001111
1111111101001101
1111111011000100
1111111111110100
0000000100110100
0000000011000111
1111111101000100
1111111011000111
1111111111111110
0000000100111000
0000000010111111
1111111100111100
1111111011001010
0000000000001000
0000000100111011
0000000010110110
1111111100110100
1111111011001110
0000000000010011
0000000100111101
0000000010101110
1111111100101100
1111111011010010
0000000000011101
0000000101000000
0000000010100101
1111111100100100
1111111011010110
0000000000100111
0000000101000010
0000000010011100
1111111100011101
1111111011011010
0000000000110001
0000000101000100
0000000010010011
1111111100010101
1111111011011111
0000000000111011
0000000101000101
0000000010001010
1111111100001110
1111111011100100
0000000001000101
0000000101000110
0000000010000000
1111111100000111
1111111011101001
0000000001001111
0000000101000111
0000000001110111
1111111100000001
1111111011101111
0000000001011001
0000000101001000
0000000001101101
1111111011111011
1111111011110101
0000000001100011
0000000101001000
0000000001100011
1111111011110101
1111111011111011
0000000001101101
0000000101001000
0000000001011001
1111111011101111
1111111100000001
0000000001110111
0000000101000111
0000000001001111
1111111011101001
1111111100000111
0000000010000000
0000000101000110
0000000001000101
1111111011100100
1111111100001110
0000000010001010
0000000101000101
0000000000111011
1111111011011111
1111111100010101
0000000010010011
0000000101000100
0000000000110001
1111111011011010
1111111100011101
0000000010011100
0000000101000010
0000000000100111
1111111011010110
1111111100100100
0000000010100101
0000000101000000
0000000000011101
1111111011010010
1111111100101100
0000000010101110
0000000100111101
0000000000010011
1111111011001110
1111111100110100
0000000010110110
0000000100111011
0000000000001000
1111111011001010
1111111100111100
0000000010111111
0000000100111000
1111111111111110
1111111011000111
1111111101000100
0000000011000111
0000000100110100
1111111111110100
1111111011000100
1111111101001101
0000000011001111
0000000100110001
1111111111101001
1111111011000010
1111111101010110
0000000011010111
0000000100101101
1111111111011111
1111111010111111
1111111101011111
0000000011011111
0000000100101000
1111111111010101
1111111010111101
1111111101101000
0000000011100110
0000000100100100
1111111111001011
1111111010111100
1111111101110001
0000000011101101
0000000100011111
1111111111000001
1111111010111010
1111111101111010
0000000011110100
0000000100011010
1111111110110111
1111111010111001
1111111110000100
0000000011111011
0000000100010101
1111111110101101
1111111010111001
1111111110001101
0000000100000010
0000000100001111
1111111110100011
1111111010111000
1111111110010111
0000000100001000
0000000100001001
1111111110011001
1111111010111000
1111111110100001
0000000100001110
0000000100000011
1111111110001111
1111111010111001
1111111110101011
0000000100010100
0000000011111100
1111111110000101
1111111010111001
1111111110110101
0000000100011001
0000000011110110
1111111101111100
1111111010111010
1111111110111111
0000000100011110
0000000011101111
1111111101110011
1111111010111011
1111111111001001
0000000100100011
0000000011101000
1111111101101001
1111111010111101
1111111111010011
0000000100101000
0000000011100000
1111111101100000
1111111010111111
1111111111011101
0000000100101100
0000000011011001
1111111101010111
1111111011000001
1111111111100111
0000000100110000
0000000011010001
1111111101001111
1111111011000100
1111111111110010
0000000100110100
0000000011001001
1111111101000110
1111111011000111
1111111111111100
0000000100110111
0000000011000001
1111111100111110
1111111011001010
0000000000000110
0000000100111010
0000000010111000
1111111100110110
1111111011001101
0000000000010000
0000000100111101
0000000010110000
1111111100101110
1111111011010001
0000000000011011
0000000100111111
0000000010100111
1111111100100110
1111111011010101
0000000000100101
0000000101000001
0000000010011110
1111111100011110
1111111011011001
0000000000101111
0000000101000011
0000000010010101
1111111100010111
1111111011011110
0000000000111001
0000000101000101
0000000010001100
1111111100010000
1111111011100011
0000000001000011
0000000101000110
0000000010000010
1111111100001001
1111111011101000
0000000001001101
0000000101000111
0000000001111001
1111111100000010
1111111011101110
0000000001010111
0000000101000111
0000000001101111
1111111011111100
1111111011110011
0000000001100001
0000000101001000
0000000001100101
1111111011110110
1111111011111001
0000000001101011
0000000101001000
0000000001011011
1111111011110000
1111111100000000
0000000001110101
0000000101000111
0000000001010001
1111111011101010
1111111100000110
0000000001111110
0000000101000110
0000000001000111
1111111011100101
1111111100001101
0000000010001000
0000000101000101
0000000000111101
1111111011100000
1111111100010100
0000000010010001
0000000101000100
0000000000110011
1111111011011011
1111111100011011
0000000010011010
0000000101000010
0000000000101001
1111111011010111
1111111100100011
0000000010100011
0000000101000000
0000000000011111
1111111011010010
1111111100101010
0000000010101100
0000000100111110
0000000000010101
1111111011001111
1111111100110010
0000000010110101
0000000100111011
0000000000001010
1111111011001011
1111111100111010
0000000010111101
0000000100111000
0000000000000000
1111111011001000
1111111101000011
0000000011000110
0000000100110101
1111111111110110
1111111011000101
1111111101001011
0000000011001110
0000000100110001
1111111111101011
1111111011000010
1111111101010100
0000000011010110
0000000100101110
1111111111100001
1111111011000000
1111111101011101
0000000011011101
0000000100101001
1111111111010111
1111111010111110
1111111101100110
0000000011100101
0000000100100101
1111111111001101
1111111010111100
1111111101101111
0000000011101100
0000000100100000
1111111111000011
1111111010111011
1111111101111000
0000000011110011
0000000100011011
1111111110111001
1111111010111010
1111111110000010
0000000011111010
0000000100010110
1111111110101111
1111111010111001
1111111110001011
0000000100000000
0000000100010000
1111111110100101
1111111010111000
1111111110010101
0000000100000111
0000000100001010
1111111110011011
1111111010111000
1111111110011111
0000000100001101
0000000100000100
1111111110010001
1111111010111001
1111111110101001
0000000100010010
0000000011111110
1111111110000111
1111111010111001
1111111110110011
0000000100011000
0000000011110111
1111111101111110
1111111010111010
1111111110111101
0000000100011101
0000000011110000
1111111101110100
1111111010111011
1111111111000111
0000000100100010
0000000011101001
1111111101101011
1111111010111101
1111111111010001
0000000100100111
0000000011100010
1111111101100010
1111111010111111
1111111111011011
0000000100101011
0000000011011010
1111111101011001
1111111011000001
1111111111100101
0000000100101111
0000000011010010
1111111101010000
1111111011000011
1111111111110000
0000000100110011
0000000011001010
1111111101001000
1111111011000110
1111111111111010
0000000100110110
0000000011000010
1111111100111111
1111111011001001
0000000000000100
0000000100111001
0000000010111010
1111111100110111
1111111011001100
0000000000001110
0000000100111100
0000000010110001
1111111100101111
1111111011010000
0000000000011001
0000000100111111
0000000010101001
1111111100100111
1111111011010100
0000000000100011
0000000101000001
0000000010100000
1111111100100000
1111111011011000
0000000000101101
0000000101000011
0000000010010111
1111111100011000
1111111011011101
0000000000110111
0000000101000101
0000000010001101
1111111100010001
1111111011100010
0000000001000001
0000000101000110
0000000010000100
1111111100001010
1111111011100111
0000000001001011
0000000101000111
0000000001111011
1111111100000100
1111111011101100
0000000001010101
0000000101000111
0000000001110001
1111111011111101
1111111011110010
0000000001011111
0000000101001000
0000000001100111
1111111011110111
1111111011111000
0000000001101001
0000000101001000
0000000001011101
1111111011110001
1111111011111110
0000000001110011
0000000101000111
0000000001010011
1111111011101011
1111111100000101
0000000001111100
0000000101000111
0000000001001001
1111111011100110
1111111100001100
0000000010000110
0000000101000110
0000000000111111
1111111011100001
1111111100010011
0000000010001111
0000000101000100
0000000000110101
1111111011011100
1111111100011010
0000000010011000
0000000101000011
0000000000101011
1111111011011000
1111111100100001
0000000010100001
0000000101000001
0000000000100001
1111111011010011
1111111100101001
0000000010101010
0000000100111110
0000000000010111
1111111011001111
1111111100110001
0000000010110011
0000000100111100
0000000000001100
1111111011001100
1111111100111001
0000000010111100
0000000100111001
0000000000000010
1111111011001000
1111111101000001
0000000011000100
0000000100110110
1111111111111000
1111111011000101
1111111101001010
0000000011001100
0000000100110010
1111111111101101
1111111011000011
1111111101010010
0000000011010100
0000000100101110
1111111111100011
1111111011000000
1111111101011011
0000000011011100
0000000100101010
1111111111011001
1111111010111110
1111111101100100
0000000011100011
0000000100100110
1111111111001111
1111111010111100
1111111101101101
0000000011101011
0000000100100001
1111111111000101
1111111010111011
1111111101110110
0000000011110010
0000000100011100
1111111110111011
1111111010111010
1111111110000000
0000000011111001
0000000100010111
1111111110110001
1111111010111001
1111111110001001
0000000011111111
0000000100010001
1111111110100111
1111111010111000
1111111110010011
0000000100000101
0000000100001011
1111111110011101
1111111010111000
1111111110011101
0000000100001011
0000000100000101
1111111110010011
1111111010111000
1111111110100111
0000000100010001
0000000011111111
1111111110001001
1111111010111001
1111111110110001
0000000100010111
0000000011111001
1111111110000000
1111111010111010
1111111110111011
0000000100011100
0000000011110010
1111111101110110
1111111010111011
1111111111000101
0000000100100001
0000000011101011
1111111101101101
1111111010111100
1111111111001111
0000000100100110
0000000011100011
1111111101100100
1111111010111110
1111111111011001
0000000100101010
0000000011011100
1111111101011011
1111111011000000
1111111111100011
0000000100101110
0000000011010100
1111111101010010
1111111011000011
1111111111101101
0000000100110010
0000000011001100
1111111101001010
1111111011000101
1111111111111000
0000000100110110
0000000011000100
1111111101000001
1111111011001000
0000000000000010
0000000100111001
0000000010111100
1111111100111001
1111111011001100
0000000000001100
0000000100111100
0000000010110011
1111111100110001
1111111011001111
0000000000010111
0000000100111110
0000000010101010
1111111100101001
1111111011010011
0000000000100001
0000000101000001
0000000010100001
1111111100100001
1111111011011000
0000000000101011
0000000101000011
0000000010011000
1111111100011010
1111111011011100
0000000000110101
0000000101000100
0000000010001111
1111111100010011
1111111011100001
0000000000111111
0000000101000110
0000000010000110
1111111100001100
1111111011100110
0000000001001001
0000000101000111
0000000001111100
1111111100000101
1111111011101011
0000000001010011
0000000101000111
0000000001110011
1111111011111110
1111111011110001
0000000001011101
0000000101001000
0000000001101001
1111111011111000
1111111011110111
0000000001100111
0000000101001000
0000000001011111
1111111011110010
1111111011111101
0000000001110001
0000000101000111
0000000001010101
1111111011101100
1111111100000100
0000000001111011
0000000101000111
0000000001001011
1111111011100111
1111111100001010
0000000010000100
0000000101000110
0000000001000001
1111111011100010
1111111100010001
0000000010001101
0000000101000101
0000000000110111
1111111011011101
1111111100011000
0000000010010111
0000000101000011
0000000000101101
1111111011011000
1111111100100000
0000000010100000
0000000101000001
0000000000100011
1111111011010100
1111111100100111
0000000010101001
0000000100111111
0000000000011001
1111111011010000
1111111100101111
0000000010110001
0000000100111100
0000000000001110
1111111011001100
1111111100110111
0000000010111010
0000000100111001
0000000000000100
1111111011001001
1111111100111111
0000000011000010
0000000100110110
1111111111111010
1111111011000110
1111111101001000
0000000011001010
0000000100110011
1111111111110000
1111111011000011
1111111101010000
0000000011010010
0000000100101111
1111111111100101
1111111011000001
1111111101011001
0000000011011010
0000000100101011
1111111111011011
1111111010111111
1111111101100010
0000000011100010
0000000100100111
1111111111010001
1111111010111101
1111111101101011
0000000011101001
0000000100100010
1111111111000111
1111111010111011
1111111101110100
0000000011110000
0000000100011101
1111111110111101
1111111010111010
1111111101111110
0000000011110111
0000000100011000
1111111110110011
1111111010111001
1111111110000111
0000000011111110
0000000100010010
1111111110101001
1111111010111001
1111111110010001
0000000100000100
0000000100001101
1111111110011111
1111111010111000
1111111110011011
0000000100001010
0000000100000111
1111111110010101
1111111010111000
1111111110100101
0000000100010000
0000000100000000
1111111110001011
1111111010111001
1111111110101111
0000000100010110
0000000011111010
1111111110000010
1111111010111010
1111111110111001
0000000100011011
0000000011110011
1111111101111000
1111111010111011
1111111111000011
0000000100100000
0000000011101100
1111111101101111
1111111010111100
1111111111001101
0000000100100101
0000000011100101
1111111101100110
1111111010111110
1111111111010111
0000000100101001
0000000011011101
1111111101011101
1111111011000000
1111111111100001
0000000100101110
0000000011010110
1111111101010100
1111111011000010
1111111111101011
0000000100110001
0000000011001110
1111111101001011
1111111011000101
1111111111110110
0000000100110101
0000000011000110
1111111101000011
1111111011001000
0000000000000000
0000000100111000
0000000010111101
1111111100111010
1111111011001011
0000000000001010
0000000100111011
0000000010110101
1111111100110010
1111111011001111
0000000000010101
0000000100111110
0000000010101100
1111111100101010
1111111011010010
0000000000011111
0000000101000000
0000000010100011
1111111100100011
1111111011010111
0000000000101001
0000000101000010
0000000010011010
1111111100011011
1111111011011011
0000000000110011
0000000101000100
0000000010010001
1111111100010100
1111111011100000
0000000000111101
0000000101000101
0000000010001000
1111111100001101
1111111011100101
0000000001000111
0000000101000110
0000000001111110
1111111100000110
1111111011101010
0000000001010001
0000000101000111
0000000001110101
1111111100000000
1111111011110000
0000000001011011
0000000101001000
0000000001101011
1111111011111001
1111111011110110
0000000001100101
0000000101001000
0000000001100001
1111111011110011
1111111011111100
0000000001101111
0000000101000111
0000000001010111
1111111011101110
1111111100000010
0000000001111001
0000000101000111
0000000001001101
1111111011101000
1111111100001001
0000000010000010
0000000101000110
0000000001000011
1111111011100011
1111111100010000
0000000010001100
0000000101000101
0000000000111001
1111111011011110
1111111100010111
0000000010010101
0000000101000011
0000000000101111
1111111011011001
1111111100011110
0000000010011110
0000000101000001
0000000000100101
1111111011010101
1111111100100110
0000000010100111
0000000100111111
0000000000011011
1111111011010001
1111111100101110
0000000010110000
0000000100111101
0000000000010000
1111111011001101
1111111100110110
0000000010111000
0000000100111010
0000000000000110
1111111011001010
1111111100111110
0000000011000001
0000000100110111
1111111111111100
1111111011000111
1111111101000110
0000000011001001
0000000100110100
1111111111110010
1111111011000100
1111111101001111
0000000011010001
0000000100110000
1111111111100111
1111111011000001
1111111101010111
0000000011011001
0000000100101100
1111111111011101
1111111010111111
1111111101100000
0000000011100000
0000000100101000
1111111111010011
1111111010111101
1111111101101001
0000000011101000
0000000100100011
1111111111001001
1111111010111011
1111111101110011
0000000011101111
0000000100011110
1111111110111111
1111111010111010
1111111101111100
0000000011110110
0000000100011001
1111111110110101
1111111010111001
1111111110000101
0000000011111100
0000000100010100
1111111110101011
1111111010111001
1111111110001111
0000000100000011
0000000100001110
1111111110100001
1111111010111000
1111111110011001
0000000100001001
0000000100001000
1111111110010111
1111111010111000
1111111110100011
0000000100001111
0000000100000010
1111111110001101
1111111010111001
1111111110101101
0000000100010101
0000000011111011
1111111110000100
1111111010111001
1111111110110111
0000000100011010
0000000011110100
1111111101111010
1111111010111010
1111111111000001
0000000100011111
0000000011101101
1111111101110001
1111111010111100
1111111111001011
0000000100100100
0000000011100110
1111111101101000
1111111010111101
1111111111010101
0000000100101000
0000000011011111
1111111101011111
1111111010111111
1111111111011111
0000000100101101
0000000011010111
1111111101010110
1111111011000010
1111111111101001
0000000100110001
0000000011001111
1111111101001101
1111111011000100
1111111111110100
0000000100110100
0000000011000111
1111111101000100
1111111011000111
1111111111111110
0000000100111000
0000000010111111
1111111100111100
1111111011001010
0000000000001000
0000000100111011
0000000010110110
1111111100110100
1111111011001110
0000000000010011
0000000100111101
0000000010101110
1111111100101100
1111111011010010
0000000000011101
0000000101000000
0000000010100101
1111111100100100
1111111011010110
0000000000100111
0000000101000010
0000000010011100
1111111100011101
1111111011011010
0000000000110001
0000000101000100
0000000010010011
1111111100010101
1111111011011111
0000000000111011
0000000101000101
0000000010001010
1111111100001110
1111111011100100
0000000001000101
0000000101000110
0000000010000000
1111111100000111
1111111011101001
0000000001001111
0000000101000111
0000000001110111
1111111100000001
1111111011101111
0000000001011001
0000000101001000
0000000001101101
1111111011111011
1111111011110101
0000000001100011
0000000101001000
0000000001100011
1111111011110101
1111111011111011
0000000001101101
0000000101001000
0000000001011001
1111111011101111
1111111100000001
0000000001110111
0000000101000111
0000000001001111
1111111011101001
1111111100000111
0000000010000000
0000000101000110
0000000001000101
1111111011100100
1111111100001110
0000000010001010
0000000101000101
0000000000111011
1111111011011111
1111111100010101
0000000010010011
0000000101000100
0000000000110001
1111111011011010
1111111100011101
0000000010011100
0000000101000010
0000000000100111
1111111011010110
1111111100100100
0000000010100101
0000000101000000
0000000000011101
1111111011010010
1111111100101100
0000000010101110
0000000100111101
0000000000010011
1111111011001110
1111111100110100
0000000010110110
0000000100111011
0000000000001000
1111111011001010
1111111100111100
0000000010111111
0000000100111000
1111111111111110
1111111011000111
1111111101000100
0000000011000111
0000000100110100
1111111111110100
1111111011000100
1111111101001101
0000000011001111
0000000100110001
1111111111101001
1111111011000010
1111111101010110
0000000011010111
0000000100101101
1111111111011111
1111111010111111
1111111101011111
0000000011011111
0000000100101000
1111111111010101
1111111010111101
1111111101101000
0000000011100110
0000000100100100
1111111111001011
1111111010111100
1111111101110001
0000000011101101
0000000100011111
1111111111000001
1111111010111010
1111111101111010
0000000011110100
0000000100011010
1111111110110111
1111111010111001
1111111110000100
0000000011111011
0000000100010101
1111111110101101
1111111010111001
1111111110001101
0000000100000010
0000000100001111
1111111110100011
1111111010111000
1111111110010111
0000000100001000
0000000100001001
1111111110011001
1111111010111000
1111111110100001
0000000100001110
0000000100000011
1111111110001111
1111111010111001
1111111110101011
0000000100010100
0000000011111100
1111111110000101
1111111010111001
1111111110110101
0000000100011001
0000000011110110
1111111101111100
1111111010111010
1111111110111111
0000000100011110
0000000011101111
1111111101110011
1111111010111011
1111111111001001
0000000100100011
0000000011101000
1111111101101001
1111111010111101
1111111111010011
0000000100101000
0000000011100000
1111111101100000
1111111010111111
1111111111011101
0000000100101100
0000000011011001
1111111101010111
1111111011000001
1111111111100111
0000000100110000
0000000011010001
1111111101001111
1111111011000100
1111111111110010
0000000100110100
0000000011001001
1111111101000110
1111111011000111
1111111111111100
0000000100110111
0000000011000001
1111111100111110
1111111011001010
0000000000000110
0000000100111010
0000000010111000
1111111100110110
1111111011001101
0000000000010000
0000000100111101
0000000010110000
1111111100101110
1111111011010001
0000000000011011
0000000100111111
0000000010100111
1111111100100110
1111111011010101
0000000000100101
0000000101000001
0000000010011110
1111111100011110
1111111011011001
0000000000101111
0000000101000011
0000000010010101
1111111100010111
1111111011011110
0000000000111001
0000000101000101
0000000010001100
1111111100010000
1111111011100011
0000000001000011
0000000101000110
0000000010000010
1111111100001001
1111111011101000
0000000001001101
0000000101000111
0000000001111001
1111111100000010
1111111011101110
0000000001010111
0000000101000111
0000000001101111
1111111011111100
1111111011110011
0000000001100001
0000000101001000
0000000001100101
1111111011110110
1111111011111001
0000000001101011
0000000101001000
0000000001011011
1111111011110000
1111111100000000
0000000001110101
0000000101000111
0000000001010001
1111111011101010
1111111100000110
0000000001111110
0000000101000110
0000000001000111
1111111011100101
1111111100001101
0000000010001000
0000000101000101
0000000000111101
1111111011100000
1111111100010100
0000000010010001
0000000101000100
0000000000110011
1111111011011011
1111111100011011
0000000010011010
0000000101000010
0000000000101001
1111111011010111
1111111100100011
0000000010100011
0000000101000000
0000000000011111
1111111011010010
1111111100101010
0000000010101100
0000000100111110
0000000000010101
1111111011001111
1111111100110010
0000000010110101
0000000100111011
0000000000001010
1111111011001011
1111111100111010
0000000010111101
0000000100111000
0000000000000000
1111111011001000
1111111101000011
0000000011000110
0000000100110101
1111111111110110
1111111011000101
1111111101001011
0000000011001110
0000000100110001
1111111111101011
1111111011000010
1111111101010100
0000000011010110
0000000100101110
1111111111100001
1111111011000000
1111111101011101
0000000011011101
0000000100101001
1111111111010111
1111111010111110
1111111101100110
0000000011100101
0000000100100101
1111111111001101
1111111010111100
1111111101101111
0000000011101100
0000000100100000
1111111111000011
1111111010111011
1111111101111000
0000000011110011
0000000100011011
1111111110111001
1111111010111010
1111111110000010
0000000011111010
0000000100010110
1111111110101111
1111111010111001
1111111110001011
0000000100000000
0000000100010000
1111111110100101
1111111010111000
1111111110010101
0000000100000111
0000000100001010
1111111110011011
1111111010111000
1111111110011111
0000000100001101
0000000100000100
1111111110010001
1111111010111001
1111111110101001
0000000100010010
0000000011111110
1111111110000111
1111111010111001
1111111110110011
0000000100011000
0000000011110111
1111111101111110
1111111010111010
1111111110111101
0000000100011101
0000000011110000
1111111101110100
1111111010111011
1111111111000111
0000000100100010
0000000011101001
1111111101101011
1111111010111101
1111111111010001
0000000100100111
0000000011100010
1111111101100010
1111111010111111
1111111111011011
0000000100101011
0000000011011010
1111111101011001
1111111011000001
1111111111100101
0000000100101111
0000000011010010
1111111101010000
1111111011000011
1111111111110000
0000000100110011
0000000011001010
1111111101001000
1111111011000110
1111111111111010
0000000100110110
0000000011000010
1111111100111111
1111111011001001
0000000000000100
0000000100111001
0000000010111010
1111111100110111
1111111011001100
0000000000001110
0000000100111100
0000000010110001
1111111100101111
1111111011010000
0000000000011001
0000000100111111
0000000010101001
1111111100100111
1111111011010100
0000000000100011
0000000101000001
0000000010100000
1111111100100000
1111111011011000
0000000000101101
0000000101000011
0000000010010111
1111111100011000
1111111011011101
0000000000110111
0000000101000101
0000000010001101
1111111100010001
1111111011100010
0000000001000001
0000000101000110
0000000010000100
1111111100001010
1111111011100111
0000000001001011
0000000101000111
0000000001111011
1111111100000100
1111111011101100
0000000001010101
0000000101000111
0000000001110001
1111111011111101
1111111011110010
0000000001011111
0000000101001000
0000000001100111
1111111011110111
1111111011111000
0000000001101001
0000000101001000
0000000001011101
1111111011110001
1111111011111110
0000000001110011
0000000101000111
0000000001010011
1111111011101011
1111111100000101
0000000001111100
0000000101000111
0000000001001001
1111111011100110
1111111100001100
0000000010000110
0000000101000110
0000000000111111
1111111011100001
1111111100010011
0000000010001111
0000000101000100
0000000000110101
1111111011011100
1111111100011010
0000000010011000
0000000101000011
0000000000101011
1111111011011000
1111111100100001
0000000010100001
0000000101000001
0000000000100001
1111111011010011
1111111100101001
0000000010101010
0000000100111110
0000000000010111
1111111011001111
1111111100110001
0000000010110011
0000000100111100
0000000000001100
1111111011001100
1111111100111001
0000000010111100
0000000100111001
0000000000000010
1111111011001000
1111111101000001
0000000011000100
0000000100110110
1111111111111000
1111111011000101
1111111101001010
0000000011001100
0000000100110010
1111111111101101
1111111011000011
1111111101010010
0000000011010100
0000000100101110
1111111111100011
1111111011000000
1111111101011011
0000000011011100
0000000100101010
1111111111011001
1111111010111110
1111111101100100
0000000011100011
0000000100100110
1111111111001111
1111111010111100
1111111101101101
0000000011101011
0000000100100001
1111111111000101
1111111010111011
1111111101110110
0000000011110010
0000000100011100
1111111110111011
1111111010111010
1111111110000000
0000000011111001
0000000100010111
1111111110110001
1111111010111001
1111111110001001
0000000011111111
0000000100010001
1111111110100111
1111111010111000
1111111110010011
0000000100000101
0000000100001011
1111111110011101
1111111010111000
1111111110011101
0000000100001011
0000000100000101
1111111110010011
1111111010111000
1111111110100111
0000000100010001
0000000011111111
1111111110001001
1111111010111001
1111111110110001
0000000100010111
0000000011111001
1111111110000000
1111111010111010
1111111110111011
0000000100011100
0000000011110010
1111111101110110
1111111010111011
1111111111000101
0000000100100001
0000000011101011
1111111101101101
1111111010111100
1111111111001111
0000000100100110
0000000011100011
1111111101100100
1111111010111110
1111111111011001
0000000100101010
0000000011011100
1111111101011011
1111111011000000
1111111111100011
0000000100101110
0000000011010100
1111111101010010
1111111011000011
1111111111101101
0000000100110010
0000000011001100
1111111101001010
1111111011000101
1111111111111000
0000000100110110
0000000011000100
1111111101000001
1111111011001000
0000000000000010
0000000100111001
0000000010111100
1111111100111001
1111111011001100
0000000000001100
0000000100111100
0000000010110011
1111111100110001
1111111011001111
0000000000010111
0000000100111110
0000000010101010
1111111100101001
1111111011010011
0000000000100001
0000000101000001
0000000010100001
1111111100100001
1111111011011000
0000000000101011
0000000101000011
0000000010011000
1111111100011010
1111111011011100
0000000000110101
0000000101000100
0000000010001111
1111111100010011
1111111011100001
0000000000111111
0000000101000110
0000000010000110
1111111100001100
1111111011100110
0000000001001001
0000000101000111
0000000001111100
1111111100000101
1111111011101011
0000000001010011
0000000101000111
0000000001110011
1111111011111110
1111111011110001
0000000001011101
0000000101001000
0000000001101001
1111111011111000
1111111011110111
0000000001100111
0000000101001000
0000000001011111
1111111011110010
1111111011111101
0000000001110001
0000000101000111
0000000001010101
1111111011101100
1111111100000100
0000000001111011
0000000101000111
0000000001001011
1111111011100111
1111111100001010
0000000010000100
0000000101000110
0000000001000001
1111111011100010
1111111100010001
0000000010001101
0000000101000101
0000000000110111
1111111011011101
1111111100011000
0000000010010111
0000000101000011
0000000000101101
1111111011011000
1111111100100000
0000000010100000
0000000101000001
0000000000100011
1111111011010100
1111111100100111
0000000010101001
0000000100111111
0000000000011001
1111111011010000
1111111100101111
0000000010110001
0000000100111100
0000000000001110
1111111011001100
1111111100110111
0000000010111010
0000000100111001
0000000000000100
1111111011001001
1111111100111111
0000000011000010
0000000100110110
1111111111111010
1111111011000110
1111111101001000
0000000011001010
0000000100110011
1111111111110000
1111111011000011
1111111101010000
0000000011010010
0000000100101111
1111111111100101
1111111011000001
1111111101011001
0000000011011010
0000000100101011
1111111111011011
1111111010111111
1111111101100010
0000000011100010
0000000100100111
1111111111010001
1111111010111101
1111111101101011
0000000011101001
0000000100100010
1111111111000111
1111111010111011
1111111101110100
0000000011110000
0000000100011101
1111111110111101
1111111010111010
1111111101111110
0000000011110111
0000000100011000
1111111110110011
1111111010111001
1111111110000111
0000000011111110
0000000100010010
1111111110101001
1111111010111001
1111111110010001
0000000100000100
0000000100001101
1111111110011111
1111111010111000
1111111110011011
0000000100001010
0000000100000111
1111111110010101
1111111010111000
1111111110100101
0000000100010000
0000000100000000
1111111110001011
1111111010111001
1111111110101111
0000000100010110
0000000011111010
1111111110000010
1111111010111010
1111111110111001
0000000100011011
0000000011110011
1111111101111000
1111111010111011
1111111111000011
0000000100100000
0000000011101100
1111111101101111
1111111010111100
1111111111001101
0000000100100101
0000000011100101
1111111101100110
1111111010111110
1111111111010111
0000000100101001
0000000011011101
1111111101011101
1111111011000000
1111111111100001
0000000100101110
0000000011010110
1111111101010100
1111111011000010
1111111111101011
0000000100110001
0000000011001110
1111111101001011
1111111011000101
1111111111110110
0000000100110101
0000000011000110
1111111101000011
1111111011001000
0000000000000000
0000000100111000
0000000010111101
1111111100111010
1111111011001011
0000000000001010
0000000100111011
0000000010110101
1111111100110010
1111111011001111
0000000000010101
0000000100111110
0000000010101100
1111111100101010
1111111011010010
0000000000011111
0000000101000000
0000000010100011
1111111100100011
1111111011010111
0000000000101001
0000000101000010
0000000010011010
1111111100011011
1111111011011011
0000000000110011
0000000101000100
0000000010010001
1111111100010100
1111111011100000
0000000000111101
0000000101000101
0000000010001000
1111111100001101
1111111011100101
0000000001000111
0000000101000110
0000000001111110
1111111100000110
1111111011101010
0000000001010001
0000000101000111
0000000001110101
1111111100000000
1111111011110000
0000000001011011
0000000101001000
0000000001101011
1111111011111001
1111111011110110
0000000001100101
0000000101001000
0000000001100001
1111111011110011
1111111011111100
0000000001101111
0000000101000111
0000000001010111
1111111011101110
1111111100000010
0000000001111001
0000000101000111
0000000001001101
1111111011101000
1111111100001001
0000000010000010
0000000101000110
0000000001000011
1111111011100011
1111111100010000
0000000010001100
0000000101000101
0000000000111001
1111111011011110
1111111100010111
0000000010010101
0000000101000011
0000000000101111
1111111011011001
1111111100011110
0000000010011110
0000000101000001
0000000000100101
1111111011010101
1111111100100110
0000000010100111
0000000100111111
0000000000011011
1111111011010001
1111111100101110
0000000010110000
0000000100111101
0000000000010000
1111111011001101
1111111100110110
0000000010111000
0000000100111010
0000000000000110
1111111011001010
1111111100111110
0000000011000001
0000000100110111
1111111111111100
1111111011000111
1111111101000110
0000000011001001
0000000100110100
1111111111110010
1111111011000100
1111111101001111
0000000011010001
0000000100110000
1111111111100111
1111111011000001
1111111101010111
0000000011011001
0000000100101100
1111111111011101
1111111010111111
1111111101100000
0000000011100000
0000000100101000
1111111111010011
1111111010111101
1111111101101001
0000000011101000
0000000100100011
1111111111001001
1111111010111011
1111111101110011
0000000011101111
0000000100011110
1111111110111111
1111111010111010
1111111101111100
0000000011110110
0000000100011001
1111111110110101
1111111010111001
1111111110000101
0000000011111100
0000000100010100
1111111110101011
1111111010111001
1111111110001111
0000000100000011
0000000100001110
1111111110100001
1111111010111000
1111111110011001
0000000100001001
0000000100001000
1111111110010111
1111111010111000
1111111110100011
0000000100001111
0000000100000010
1111111110001101
1111111010111001
1111111110101101
0000000100010101
0000000011111011
1111111110000100
1111111010111001
1111111110110111
0000000100011010
0000000011110100
1111111101111010
1111111010111010
1111111111000001
0000000100011111
0000000011101101
1111111101110001
1111111010111100
1111111111001011
0000000100100100
0000000011100110
1111111101101000
1111111010111101
1111111111010101
0000000100101000
0000000011011111
1111111101011111
1111111010111111
1111111111011111
0000000100101101
0000000011010111
1111111101010110
1111111011000010
1111111111101001
0000000100110001
0000000011001111
1111111101001101
1111111011000100
1111111111110100
0000000100110100
0000000011000111
1111111101000100
1111111011000111
1111111111111110
0000000100111000
0000000010111111
1111111100111100
1111111011001010
0000000000001000
0000000100111011
0000000010110110
1111111100110100
1111111011001110
0000000000010011
0000000100111101
0000000010101110
1111111100101100
1111111011010010
0000000000011101
0000000101000000
0000000010100101
1111111100100100
1111111011010110
0000000000100111
0000000101000010
0000000010011100
1111111100011101
1111111011011010
0000000000110001
0000000101000100
0000000010010011
1111111100010101
1111111011011111
0000000000111011
0000000101000101
0000000010001010
1111111100001110
1111111011100100
0000000001000101
0000000101000110
0000000010000000
1111111100000111
1111111011101001
0000000001001111
0000000101000111
0000000001110111
1111111100000001
1111111011101111
0000000001011001
0000000101001000
0000000001101101
1111111011111011
1111111011110101
0000000001100011
0000000101001000
0000000001100011
1111111011110101
1111111011111011
0000000001101101
0000000101001000
0000000001011001
1111111011101111
1111111100000001
0000000001110111
0000000101000111
0000000001001111
1111111011101001
1111111100000111
0000000010000000
0000000101000110
0000000001000101
1111111011100100
1111111100001110
0000000010001010
0000000101000101
0000000000111011
1111111011011111
1111111100010101
0000000010010011
0000000101000100
0000000000110001
1111111011011010
1111111100011101
0000000010011100
0000000101000010
0000000000100111
1111111011010110
1111111100100100
0000000010100101
0000000101000000
0000000000011101
1111111011010010
1111111100101100
0000000010101110
0000000100111101
0000000000010011
1111111011001110
1111111100110100
0000000010110110
0000000100111011
0000000000001000
1111111011001010
1111111100111100
0000000010111111
0000000100111000
1111111111111110
1111111011000111
1111111101000100
0000000011000111
0000000100110100
1111111111110100
1111111011000100
1111111101001101
0000000011001111
0000000100110001
1111111111101001
1111111011000010
1111111101010110
0000000011010111
0000000100101101
1111111111011111
1111111010111111
1111111101011111
0000000011011111
0000000100101000
1111111111010101
1111111010111101
1111111101101000
0000000011100110
0000000100100100
1111111111001011
1111111010111100
1111111101110001
0000000011101101
0000000100011111
1111111111000001
1111111010111010
1111111101111010
0000000011110100
0000000100011010
1111111110110111
1111111010111001
1111111110000100
0000000011111011
0000000100010101
1111111110101101
1111111010111001
1111111110001101
0000000100000010
0000000100001111
1111111110100011
1111111010111000
1111111110010111
0000000100001000
0000000100001001
1111111110011001
1111111010111000
1111111110100001
0000000100001110
0000000100000011
1111111110001111
1111111010111001
1111111110101011
0000000100010100
0000000011111100
1111111110000101
1111111010111001
1111111110110101
0000000100011001
0000000011110110
1111111101111100
1111111010111010
1111111110111111
0000000100011110
0000000011101111
1111111101110011
1111111010111011
1111111111001001
0000000100100011
0000000011101000
1111111101101001
1111111010111101
1111111111010011
0000000100101000
0000000011100000
1111111101100000
1111111010111111
1111111111011101
0000000100101100
0000000011011001
1111111101010111
1111111011000001
1111111111100111
0000000100110000
0000000011010001
1111111101001111
1111111011000100
1111111111110010
0000000100110100
0000000011001001
1111111101000110
1111111011000111
1111111111111100
0000000100110111
0000000011000001
1111111100111110
1111111011001010
0000000000000110
0000000100111010
0000000010111000
1111111100110110
1111111011001101
0000000000010000
0000000100111101
0000000010110000
1111111100101110
1111111011010001
0000000000011011
0000000100111111
0000000010100111
1111111100100110
1111111011010101
0000000000100101
0000000101000001
0000000010011110
1111111100011110
1111111011011001
0000000000101111
0000000101000011
0000000010010101
1111111100010111
1111111011011110
0000000000111001
0000000101000101
0000000010001100
1111111100010000
1111111011100011
0000000001000011
0000000101000110
0000000010000010
1111111100001001
1111111011101000
0000000001001101
0000000101000111
0000000001111001
1111111100000010
1111111011101110
0000000001010111
0000000101000111
0000000001101111
1111111011111100
1111111011110011
0000000001100001
0000000101001000
0000000001100101
1111111011110110
1111111011111001
0000000001101011
0000000101001000
0000000001011011
1111111011110000
1111111100000000
0000000001110101
0000000101000111
0000000001010001
1111111011101010
1111111100000110
0000000001111110
0000000101000110
0000000001000111
1111111011100101
1111111100001101
0000000010001000
0000000101000101
0000000000111101
1111111011100000
1111111100010100
0000000010010001
0000000101000100
0000000000110011
1111111011011011
1111111100011011
0000000010011010
0000000101000010
0000000000101001
1111111011010111
1111111100100011
0000000010100011
0000000101000000
0000000000011111
1111111011010010
1111111100101010
0000000010101100
0000000100111110
0000000000010101
1111111011001111
1111111100110010
0000000010110101
0000000100111011
0000000000001010
1111111011001011
1111111100111010
0000000010111101
0000000100111000
0000000000000000
1111111011001000
1111111101000011
0000000011000110
0000000100110101
1111111111110110
1111111011000101
1111111101001011
0000000011001110
0000000100110001
1111111111101011
1111111011000010
1111111101010100
0000000011010110
0000000100101110
1111111111100001
1111111011000000
1111111101011101
0000000011011101
0000000100101001
1111111111010111
1111111010111110
1111111101100110
0000000011100101
0000000100100101
1111111111001101
1111111010111100
1111111101101111
0000000011101100
0000000100100000
1111111111000011
1111111010111011
1111111101111000
0000000011110011
0000000100011011
1111111110111001
1111111010111010
1111111110000010
0000000011111010
0000000100010110
1111111110101111
1111111010111001
1111111110001011
0000000100000000
0000000100010000
1111111110100101
1111111010111000
1111111110010101
0000000100000111
0000000100001010
1111111110011011
1111111010111000
1111111110011111
0000000100001101
0000000100000100
1111111110010001
1111111010111001
1111111110101001
0000000100010010
0000000011111110
1111111110000111
1111111010111001
1111111110110011
0000000100011000
0000000011110111
1111111101111110
1111111010111010
1111111110111101
0000000100011101
0000000011110000
1111111101110100
1111111010111011
1111111111000111
0000000100100010
0000000011101001
1111111101101011
1111111010111101
1111111111010001
0000000100100111
0000000011100010
1111111101100010
1111111010111111
1111111111011011
0000000100101011
0000000011011010
1111111101011001
1111111011000001
1111111111100101
0000000100101111
0000000011010010
1111111101010000
1111111011000011
1111111111110000
0000000100110011
0000000011001010
1111111101001000
1111111011000110
1111111111111010
0000000100110110
0000000011000010
1111111100111111
1111111011001001
0000000000000100
0000000100111001
0000000010111010
1111111100110111
1111111011001100
0000000000001110
0000000100111100
0000000010110001
1111111100101111
1111111011010000
0000000000011001
0000000100111111
0000000010101001
1111111100100111
1111111011010100
0000000000100011
0000000101000001
0000000010100000
1111111100100000
1111111011011000
0000000000101101
0000000101000011
0000000010010111
1111111100011000
1111111011011101
0000000000110111
0000000101000101
0000000010001101
1111111100010001
1111111011100010
0000000001000001
0000000101000110
0000000010000100
1111111100001010
1111111011100111
0000000001001011
0000000101000111
0000000001111011
1111111100000100
1111111011101100
0000000001010101
0000000101000111
0000000001110001
1111111011111101
1111111011110010
0000000001011111
0000000101001000
0000000001100111
1111111011110111
1111111011111000
0000000001101001
0000000101001000
0000000001011101
1111111011110001
1111111011111110
0000000001110011
0000000101000111
0000000001010011
1111111011101011
1111111100000101
0000000001111100
0000000101000111
0000000001001001
1111111011100110
1111111100001100
0000000010000110
0000000101000110
0000000000111111
1111111011100001
1111111100010011
0000000010001111
0000000101000100
0000000000110101
1111111011011100
1111111100011010
0000000010011000
0000000101000011
0000000000101011
1111111011011000
1111111100100001
0000000010100001
0000000101000001
0000000000100001
1111111011010011
1111111100101001
0000000010101010
0000000100111110
0000000000010111
1111111011001111
1111111100110001
0000000010110011
0000000100111100
0000000000001100
1111111011001100
1111111100111001
0000000010111100
0000000100111001
0000000000000010
1111111011001000
1111111101000001
0000000011000100
0000000100110110
1111111111111000
1111111011000101
1111111101001010
0000000011001100
0000000100110010
1111111111101101
1111111011000011
1111111101010010
0000000011010100
0000000100101110
1111111111100011
1111111011000000
1111111101011011
0000000011011100
0000000100101010
1111111111011001
1111111010111110
1111111101100100
0000000011100011
0000000100100110
1111111111001111
1111111010111100
1111111101101101
0000000011101011
0000000100100001
1111111111000101
1111111010111011
1111111101110110
0000000011110010
0000000100011100
1111111110111011
1111111010111010
1111111110000000
0000000011111001
0000000100010111
1111111110110001
1111111010111001
1111111110001001
0000000011111111
0000000100010001
1111111110100111
1111111010111000
1111111110010011
0000000100000101
0000000100001011
1111111110011101
1111111010111000
1111111110011101
0000000100001011
0000000100000101
1111111110010011
1111111010111000
1111111110100111
0000000100010001
0000000011111111
1111111110001001
1111111010111001
1111111110110001
0000000100010111
0000000011111001
1111111110000000
1111111010111010
1111111110111011
0000000100011100
0000000011110010
1111111101110110
1111111010111011
1111111111000101
0000000100100001
0000000011101011
1111111101101101
1111111010111100
1111111111001111
0000000100100110
0000000011100011
1111111101100100
1111111010111110
1111111111011001
0000000100101010
0000000011011100
1111111101011011
1111111011000000
1111111111100011
0000000100101110
0000000011010100
1111111101010010
1111111011000011
1111111111101101
0000000100110010
0000000011001100
1111111101001010
1111111011000101
1111111111111000
0000000100110110
0000000011000100
1111111101000001
1111111011001000
0000000000000010
0000000100111001
0000000010111100
1111111100111001
1111111011001100
0000000000001100
0000000100111100
0000000010110011
1111111100110001
1111111011001111
0000000000010111
0000000100111110
0000000010101010
1111111100101001
1111111011010011
0000000000100001
0000000101000001
0000000010100001
1111111100100001
1111111011011000
0000000000101011
0000000101000011
0000000010011000
1111111100011010
1111111011011100
0000000000110101
0000000101000100
0000000010001111
1111111100010011
1111111011100001
0000000000111111
0000000101000110
0000000010000110
1111111100001100
1111111011100110
0000000001001001
0000000101000111
0000000001111100
1111111100000101
1111111011101011
0000000001010011
0000000101000111
0000000001110011
1111111011111110
1111111011110001
0000000001011101
0000000101001000
0000000001101001
1111111011111000
1111111011110111
0000000001100111
0000000101001000
0000000001011111
1111111011110010
1111111011111101
0000000001110001
0000000101000111
0000000001010101
1111111011101100
1111111100000100
0000000001111011
0000000101000111
0000000001001011
1111111011100111
1111111100001010
0000000010000100
0000000101000110
0000000001000001
1111111011100010
1111111100010001
0000000010001101
0000000101000101
0000000000110111
1111111011011101
1111111100011000
0000000010010111
0000000101000011
0000000000101101
1111111011011000
1111111100100000
0000000010100000
0000000101000001
0000000000100011
1111111011010100
1111111100100111
0000000010101001
0000000100111111
0000000000011001
1111111011010000
1111111100101111
0000000010110001
0000000100111100
0000000000001110
1111111011001100
1111111100110111
0000000010111010
0000000100111001
0000000000000100
1111111011001001
1111111100111111
0000000011000010
0000000100110110
1111111111111010
1111111011000110
1111111101001000
0000000011001010
0000000100110011
1111111111110000
1111111011000011
1111111101010000
0000000011010010
0000000100101111
1111111111100101
1111111011000001
1111111101011001
0000000011011010
0000000100101011
1111111111011011
1111111010111111
1111111101100010
0000000011100010
0000000100100111
1111111111010001
1111111010111101
1111111101101011
0000000011101001
0000000100100010
1111111111000111
1111111010111011
1111111101110100
0000000011110000
0000000100011101
1111111110111101
1111111010111010
1111111101111110
0000000011110111
0000000100011000
1111111110110011
1111111010111001
1111111110000111
0000000011111110
0000000100010010
1111111110101001
1111111010111001
1111111110010001
0000000100000100
0000000100001101
1111111110011111
1111111010111000
1111111110011011
0000000100001010
0000000100000111
1111111110010101
1111111010111000
1111111110100101
0000000100010000
0000000100000000
1111111110001011
1111111010111001
1111111110101111
0000000100010110
0000000011111010
1111111110000010
1111111010111010
1111111110111001
0000000100011011
0000000011110011
1111111101111000
1111111010111011
1111111111000011
0000000100100000
0000000011101100
1111111101101111
1111111010111100
1111111111001101
0000000100100101
0000000011100101
1111111101100110
1111111010111110
1111111111010111
0000000100101001
0000000011011101
1111111101011101
1111111011000000
1111111111100001
0000000100101110
0000000011010110
1111111101010100
1111111011000010
1111111111101011
0000000100110001
0000000011001110
1111111101001011
1111111011000101
1111111111110110
0000000100110101
0000000011000110
1111111101000011
1111111011001000
0000000000000000
0000000100111000
0000000010111101
1111111100111010
1111111011001011
0000000000001010
0000000100111011
0000000010110101
1111111100110010
1111111011001111
0000000000010101
0000000100111110
0000000010101100
1111111100101010
1111111011010010
0000000000011111
0000000101000000
0000000010100011
1111111100100011
1111111011010111
0000000000101001
0000000101000010
0000000010011010
1111111100011011
1111111011011011
0000000000110011
0000000101000100
0000000010010001
1111111100010100
1111111011100000
0000000000111101
0000000101000101
0000000010001000
1111111100001101
1111111011100101
0000000001000111
0000000101000110
0000000001111110
1111111100000110
1111111011101010
0000000001010001
0000000101000111
0000000001110101
1111111100000000
1111111011110000
0000000001011011
0000000101001000
0000000001101011
1111111011111001
1111111011110110
0000000001100101
0000000101001000
0000000001100001
1111111011110011
1111111011111100
0000000001101111
0000000101000111
0000000001010111
1111111011101110
1111111100000010
0000000001111001
0000000101000111
0000000001001101
1111111011101000
1111111100001001
0000000010000010
0000000101000110
0000000001000011
1111111011100011
1111111100010000
0000000010001100
0000000101000101
0000000000111001
1111111011011110
1111111100010111
0000000010010101
0000000101000011
0000000000101111
1111111011011001
1111111100011110
0000000010011110
0000000101000001
0000000000100101
1111111011010101
1111111100100110
0000000010100111
0000000100111111
0000000000011011
1111111011010001
1111111100101110
0000000010110000
0000000100111101
0000000000010000
1111111011001101
1111111100110110
0000000010111000
0000000100111010
0000000000000110
1111111011001010
1111111100111110
0000000011000001
0000000100110111
1111111111111100
1111111011000111
1111111101000110
0000000011001001
0000000100110100
1111111111110010
1111111011000100
1111111101001111
0000000011010001
0000000100110000
1111111111100111
1111111011000001
1111111101010111
0000000011011001
0000000100101100
1111111111011101
1111111010111111
1111111101100000
0000000011100000
0000000100101000
1111111111010011
1111111010111101
1111111101101001
0000000011101000
0000000100100011
1111111111001001
1111111010111011
1111111101110011
0000000011101111
0000000100011110
1111111110111111
1111111010111010
1111111101111100
0000000011110110
0000000100011001
1111111110110101
1111111010111001
1111111110000101
0000000011111100
0000000100010100
1111111110101011
1111111010111001
1111111110001111
0000000100000011
0000000100001110
1111111110100001
1111111010111000
1111111110011001
0000000100001001
0000000100001000
1111111110010111
1111111010111000
1111111110100011
0000000100001111
0000000100000010
1111111110001101
1111111010111001
1111111110101101
0000000100010101
0000000011111011
1111111110000100
1111111010111001
1111111110110111
0000000100011010
0000000011110100
1111111101111010
1111111010111010
1111111111000001
0000000100011111
0000000011101101
1111111101110001
1111111010111100
1111111111001011
0000000100100100
0000000011100110
1111111101101000
1111111010111101
1111111111010101
0000000100101000
0000000011011111
1111111101011111
1111111010111111
1111111111011111
0000000100101101
0000000011010111
1111111101010110
1111111011000010
1111111111101001
0000000100110001
0000000011001111
1111111101001101
1111111011000100
1111111111110100
0000000100110100
0000000011000111
1111111101000100
1111111011000111
1111111111111110
0000000100111000
0000000010111111
1111111100111100
1111111011001010
0000000000001000
0000000100111011
0000000010110110
1111111100110100
1111111011001110
0000000000010011
0000000100111101
0000000010101110
1111111100101100
1111111011010010
0000000000011101
0000000101000000
0000000010100101
1111111100100100
1111111011010110
0000000000100111
0000000101000010
0000000010011100
1111111100011101
1111111011011010
0000000000110001
0000000101000100
0000000010010011
1111111100010101
1111111011011111
0000000000111011
0000000101000101
0000000010001010
1111111100001110
1111111011100100
0000000001000101
0000000101000110
0000000010000000
1111111100000111
1111111011101001
0000000001001111
0000000101000111
0000000001110111
1111111100000001
1111111011101111
0000000001011001
0000000101001000
0000000001101101
1111111011111011
1111111011110101
0000000001100011
0000000101001000
0000000001100011
1111111011110101
1111111011111011
0000000001101101
0000000101001000
0000000001011001
1111111011101111
1111111100000001
0000000001110111
0000000101000111
0000000001001111
1111111011101001
1111111100000111
0000000010000000
0000000101000110
0000000001000101
1111111011100100
1111111100001110
0000000010001010
0000000101000101
0000000000111011
1111111011011111
1111111100010101
0000000010010011
0000000101000100
0000000000110001
1111111011011010
1111111100011101
0000000010011100
0000000101000010
0000000000100111
1111111011010110
1111111100100100
0000000010100101
0000000101000000
0000000000011101
1111111011010010
1111111100101100
0000000010101110
0000000100111101
0000000000010011
1111111011001110
1111111100110100
0000000010110110
0000000100111011
0000000000001000
1111111011001010
1111111100111100
0000000010111111
0000000100111000
1111111111111110
1111111011000111
1111111101000100
0000000011000111
0000000100110100
1111111111110100
1111111011000100
1111111101001101
0000000011001111
0000000100110001
1111111111101001
1111111011000010
1111111101010110
0000000011010111
0000000100101101
1111111111011111
1111111010111111
1111111101011111
0000000011011111
0000000100101000
1111111111010101
1111111010111101
1111111101101000
0000000011100110
0000000100100100
1111111111001011
1111111010111100
1111111101110001
0000000011101101
0000000100011111
1111111111000001
1111111010111010
1111111101111010
0000000011110100
0000000100011010
1111111110110111
1111111010111001
1111111110000100
0000000011111011
0000000100010101
1111111110101101
1111111010111001
1111111110001101
0000000100000010
0000000100001111
1111111110100011
1111111010111000
1111111110010111
0000000100001000
0000000100001001
1111111110011001
1111111010111000
1111111110100001
0000000100001110
0000000100000011
1111111110001111
1111111010111001
1111111110101011
0000000100010100
0000000011111100
1111111110000101
1111111010111001
1111111110110101
0000000100011001
0000000011110110
1111111101111100
1111111010111010
1111111110111111
0000000100011110
0000000011101111
1111111101110011
1111111010111011
1111111111001001
0000000100100011
0000000011101000
1111111101101001
1111111010111101
1111111111010011
0000000100101000
0000000011100000
1111111101100000
1111111010111111
1111111111011101
0000000100101100
0000000011011001
1111111101010111
1111111011000001
1111111111100111
0000000100110000
0000000011010001
1111111101001111
1111111011000100
1111111111110010
0000000100110100
0000000011001001
1111111101000110
1111111011000111
1111111111111100
0000000100110111
0000000011000001
1111111100111110
1111111011001010
0000000000000110
0000000100111010
0000000010111000
1111111100110110
1111111011001101
0000000000010000
0000000100111101
0000000010110000
1111111100101110
1111111011010001
0000000000011011
0000000100111111
0000000010100111
1111111100100110
1111111011010101
0000000000100101
0000000101000001
0000000010011110
1111111100011110
1111111011011001
0000000000101111
0000000101000011
0000000010010101
1111111100010111
1111111011011110
0000000000111001
0000000101000101
0000000010001100
1111111100010000
1111111011100011
0000000001000011
0000000101000110
0000000010000010
1111111100001001
1111111011101000
0000000001001101
0000000101000111
0000000001111001
1111111100000010
1111111011101110
0000000001010111
0000000101000111
0000000001101111
1111111011111100
1111111011110011
0000000001100001
0000000101001000
0000000001100101
1111111011110110
1111111011111001
0000000001101011
0000000101001000
0000000001011011
1111111011110000
1111111100000000
0000000001110101
0000000101000111
0000000001010001
1111111011101010
1111111100000110
0000000001111110
0000000101000110
0000000001000111
1111111011100101
1111111100001101
0000000010001000
0000000101000101
0000000000111101
1111111011100000
1111111100010100
0000000010010001
0000000101000100
0000000000110011
1111111011011011
1111111100011011
0000000010011010
0000000101000010
0000000000101001
1111111011010111
1111111100100011
0000000010100011
0000000101000000
0000000000011111
1111111011010010
1111111100101010
0000000010101100
0000000100111110
0000000000010101
1111111011001111
1111111100110010
0000000010110101
0000000100111011
0000000000001010
1111111011001011
1111111100111010
0000000010111101
0000000100111000
0000000000000000
1111111011001000
1111111101000011
0000000011000110
0000000100110101
1111111111110110
1111111011000101
1111111101001011
0000000011001110
0000000100110001
1111111111101011
1111111011000010
1111111101010100
0000000011010110
0000000100101110
1111111111100001
1111111011000000
1111111101011101
0000000011011101
0000000100101001
1111111111010111
1111111010111110
1111111101100110
0000000011100101
0000000100100101
1111111111001101
1111111010111100
1111111101101111
0000000011101100
0000000100100000
1111111111000011
1111111010111011
1111111101111000
0000000011110011
0000000100011011
1111111110111001
1111111010111010
1111111110000010
0000000011111010
0000000100010110
1111111110101111
1111111010111001
1111111110001011
0000000100000000
0000000100010000
1111111110100101
1111111010111000
1111111110010101
0000000100000111
0000000100001010
1111111110011011
1111111010111000
1111111110011111
0000000100001101
0000000100000100
1111111110010001
1111111010111001
1111111110101001
0000000100010010
0000000011111110
1111111110000111
1111111010111001
1111111110110011
0000000100011000
0000000011110111
1111111101111110
1111111010111010
1111111110111101
0000000100011101
0000000011110000
1111111101110100
1111111010111011
1111111111000111
0000000100100010
0000000011101001
1111111101101011
1111111010111101
1111111111010001
0000000100100111
0000000011100010
1111111101100010
1111111010111111
1111111111011011
0000000100101011
0000000011011010
1111111101011001
1111111011000001
1111111111100101
0000000100101111
0000000011010010
1111111101010000
1111111011000011
1111111111110000
0000000100110011
0000000011001010
1111111101001000
1111111011000110
1111111111111010
0000000100110110
0000000011000010
1111111100111111
1111111011001001
0000000000000100
0000000100111001
0000000010111010
1111111100110111
1111111011001100
0000000000001110
0000000100111100
0000000010110001
1111111100101111
1111111011010000
0000000000011001
0000000100111111
0000000010101001
1111111100100111
1111111011010100
0000000000100011
0000000101000001
0000000010100000
1111111100100000
1111111011011000
0000000000101101
0000000101000011
0000000010010111
1111111100011000
1111111011011101
0000000000110111
0000000101000101
0000000010001101
1111111100010001
1111111011100010
0000000001000001
0000000101000110
0000000010000100
1111111100001010
1111111011100111
0000000001001011
0000000101000111
0000000001111011
1111111100000100
1111111011101100
0000000001010101
0000000101000111
0000000001110001
1111111011111101
1111111011110010
0000000001011111
0000000101001000
0000000001100111
1111111011110111
1111111011111000
0000000001101001
0000000101001000
0000000001011101
1111111011110001
1111111011111110
0000000001110011
0000000101000111
0000000001010011
1111111011101011
1111111100000101
0000000001111100
0000000101000111
0000000001001001
1111111011100110
1111111100001100
0000000010000110
0000000101000110
0000000000111111
1111111011100001
1111111100010011
0000000010001111
0000000101000100
0000000000110101
1111111011011100
1111111100011010
0000000010011000
0000000101000011
0000000000101011
1111111011011000
1111111100100001
0000000010100001
0000000101000001
0000000000100001
1111111011010011
1111111100101001
0000000010101010
0000000100111110
0000000000010111
1111111011001111
1111111100110001
0000000010110011
0000000100111100
0000000000001100
1111111011001100
1111111100111001
0000000010111100
0000000100111001
0000000000000010
1111111011001000
1111111101000001
0000000011000100
0000000100110110
1111111111111000
1111111011000101
1111111101001010
0000000011001100
0000000100110010
1111111111101101
1111111011000011
1111111101010010
0000000011010100
0000000100101110
1111111111100011
1111111011000000
1111111101011011
0000000011011100
0000000100101010
1111111111011001
1111111010111110
1111111101100100
0000000011100011
0000000100100110
1111111111001111
1111111010111100
1111111101101101
0000000011101011
0000000100100001
1111111111000101
1111111010111011
1111111101110110
0000000011110010
0000000100011100
1111111110111011
1111111010111010
1111111110000000
0000000011111001
0000000100010111
1111111110110001
1111111010111001
1111111110001001
0000000011111111
0000000100010001
1111111110100111
1111111010111000
1111111110010011
0000000100000101
0000000100001011
1111111110011101
1111111010111000
1111111110011101
0000000100001011
0000000100000101
1111111110010011
1111111010111000
1111111110100111
0000000100010001
0000000011111111
1111111110001001
1111111010111001
1111111110110001
0000000100010111
0000000011111001
1111111110000000
1111111010111010
1111111110111011
0000000100011100
0000000011110010
1111111101110110
1111111010111011
1111111111000101
0000000100100001
0000000011101011
1111111101101101
1111111010111100
1111111111001111
0000000100100110
0000000011100011
1111111101100100
1111111010111110
1111111111011001
0000000100101010
0000000011011100
1111111101011011
1111111011000000
1111111111100011
0000000100101110
0000000011010100
1111111101010010
1111111011000011
1111111111101101
0000000100110010
0000000011001100
1111111101001010
1111111011000101
1111111111111000
0000000100110110
0000000011000100
1111111101000001
1111111011001000
0000000000000010
0000000100111001
0000000010111100
1111111100111001
1111111011001100
0000000000001100
0000000100111100
0000000010110011
1111111100110001
1111111011001111
0000000000010111
0000000100111110
0000000010101010
1111111100101001
1111111011010011
0000000000100001
0000000101000001
0000000010100001
1111111100100001
1111111011011000
0000000000101011
0000000101000011
0000000010011000
1111111100011010
1111111011011100
0000000000110101
0000000101000100
0000000010001111
1111111100010011
1111111011100001
0000000000111111
0000000101000110
0000000010000110
1111111100001100
1111111011100110
0000000001001001
0000000101000111
0000000001111100
1111111100000101
1111111011101011
0000000001010011
0000000101000111
0000000001110011
1111111011111110
1111111011110001
0000000001011101
0000000101001000
0000000001101001
1111111011111000
1111111011110111
0000000001100111
0000000101001000
0000000001011111
1111111011110010
1111111011111101
0000000001110001
0000000101000111
0000000001010101
1111111011101100
1111111100000100
0000000001111011
0000000101000111
0000000001001011
1111111011100111
1111111100001010
0000000010000100
0000000101000110
0000000001000001
1111111011100010
1111111100010001
0000000010001101
0000000101000101
0000000000110111
1111111011011101
1111111100011000
0000000010010111
0000000101000011
0000000000101101
1111111011011000
1111111100100000
0000000010100000
0000000101000001
0000000000100011
1111111011010100
1111111100100111
0000000010101001
0000000100111111
0000000000011001
1111111011010000
1111111100101111
0000000010110001
0000000100111100
0000000000001110
1111111011001100
1111111100110111
0000000010111010
0000000100111001
0000000000000100
1111111011001001
1111111100111111
0000000011000010
0000000100110110
1111111111111010
1111111011000110
1111111101001000
0000000011001010
0000000100110011
1111111111110000
1111111011000011
1111111101010000
0000000011010010
0000000100101111
1111111111100101
1111111011000001
1111111101011001
0000000011011010
0000000100101011
1111111111011011
1111111010111111
1111111101100010
0000000011100010
0000000100100111
1111111111010001
1111111010111101
1111111101101011
0000000011101001
0000000100100010
1111111111000111
1111111010111011
1111111101110100
0000000011110000
0000000100011101
1111111110111101
1111111010111010
1111111101111110
0000000011110111
0000000100011000
1111111110110011
1111111010111001
1111111110000111
0000000011111110
0000000100010010
1111111110101001
1111111010111001
1111111110010001
0000000100000100
0000000100001101
1111111110011111
1111111010111000
1111111110011011
0000000100001010
0000000100000111
1111111110010101
1111111010111000
1111111110100101
0000000100010000
0000000100000000
1111111110001011
1111111010111001
1111111110101111
0000000100010110
0000000011111010
1111111110000010
1111111010111010
1111111110111001
0000000100011011
0000000011110011
1111111101111000
1111111010111011
1111111111000011
0000000100100000
0000000011101100
1111111101101111
1111111010111100
1111111111001101
0000000100100101
0000000011100101
1111111101100110
1111111010111110
1111111111010111
0000000100101001
0000000011011101
1111111101011101
1111111011000000
1111111111100001
0000000100101110
0000000011010110
1111111101010100
1111111011000010
1111111111101011
0000000100110001
0000000011001110
1111111101001011
1111111011000101
1111111111110110
0000000100110101
0000000011000110
1111111101000011
1111111011001000
0000000000000000
0000000100111000
0000000010111101
1111111100111010
1111111011001011
0000000000001010
0000000100111011
0000000010110101
1111111100110010
1111111011001111
0000000000010101
0000000100111110
0000000010101100
1111111100101010
1111111011010010
0000000000011111
0000000101000000
0000000010100011
1111111100100011
1111111011010111
0000000000101001
0000000101000010
0000000010011010
1111111100011011
1111111011011011
0000000000110011
0000000101000100
0000000010010001
1111111100010100
1111111011100000
0000000000111101
0000000101000101
0000000010001000
1111111100001101
1111111011100101
0000000001000111
0000000101000110
0000000001111110
1111111100000110
1111111011101010
0000000001010001
0000000101000111
0000000001110101
1111111100000000
1111111011110000
0000000001011011
0000000101001000
0000000001101011
1111111011111001
1111111011110110
0000000001100101
0000000101001000
0000000001100001
1111111011110011
1111111011111100
0000000001101111
0000000101000111
0000000001010111
1111111011101110
1111111100000010
0000000001111001
0000000101000111
0000000001001101
1111111011101000
1111111100001001
0000000010000010
0000000101000110
0000000001000011
1111111011100011
1111111100010000
0000000010001100
0000000101000101
0000000000111001
1111111011011110
1111111100010111
0000000010010101
0000000101000011
0000000000101111
1111111011011001
1111111100011110
0000000010011110
0000000101000001
0000000000100101
1111111011010101
1111111100100110
0000000010100111
0000000100111111
0000000000011011
1111111011010001
1111111100101110
0000000010110000
0000000100111101
0000000000010000
1111111011001101
1111111100110110
0000000010111000
0000000100111010
0000000000000110
1111111011001010
1111111100111110
0000000011000001
0000000100110111
1111111111111100
1111111011000111
1111111101000110
0000000011001001
0000000100110100
1111111111110010
1111111011000100
1111111101001111
0000000011010001
0000000100110000
1111111111100111
1111111011000001
1111111101010111
0000000011011001
0000000100101100
1111111111011101
1111111010111111
1111111101100000
0000000011100000
0000000100101000
1111111111010011
1111111010111101
1111111101101001
0000000011101000
0000000100100011
1111111111001001
1111111010111011
1111111101110011
0000000011101111
0000000100011110
1111111110111111
1111111010111010
1111111101111100
0000000011110110
0000000100011001
1111111110110101
1111111010111001
1111111110000101
0000000011111100
0000000100010100
1111111110101011
1111111010111001
1111111110001111
0000000100000011
0000000100001110
1111111110100001
1111111010111000
1111111110011001
0000000100001001
0000000100001000
1111111110010111
1111111010111000
1111111110100011
0000000100001111
0000000100000010
1111111110001101
1111111010111001
1111111110101101
0000000100010101
0000000011111011
1111111110000100
1111111010111001
1111111110110111
0000000100011010
0000000011110100
1111111101111010
1111111010111010
1111111111000001
0000000100011111
0000000011101101
1111111101110001
1111111010111100
1111111111001011
0000000100100100
0000000011100110
1111111101101000
1111111010111101
1111111111010101
0000000100101000
0000000011011111
1111111101011111
1111111010111111
1111111111011111
0000000100101101
0000000011010111
1111111101010110
1111111011000010
1111111111101001
0000000100110001
0000000011001111
1111111101001101
1111111011000100
1111111111110100
0000000100110100
0000000011000111
1111111101000100
1111111011000111
1111111111111110
0000000100111000
0000000010111111
1111111100111100
1111111011001010
0000000000001000
0000000100111011
0000000010110110
1111111100110100
1111111011001110
0000000000010011
0000000100111101
0000000010101110
1111111100101100
1111111011010010
0000000000011101
0000000101000000
0000000010100101
1111111100100100
1111111011010110
0000000000100111
0000000101000010
0000000010011100
1111111100011101
1111111011011010
0000000000110001
0000000101000100
0000000010010011
1111111100010101
1111111011011111
0000000000111011
0000000101000101
0000000010001010
1111111100001110
1111111011100100
0000000001000101
0000000101000110
0000000010000000
1111111100000111
1111111011101001
0000000001001111
0000000101000111
0000000001110111
1111111100000001
1111111011101111
0000000001011001
0000000101001000
0000000001101101
1111111011111011
1111111011110101
0000000001100011
0000000101001000
0000000001100011
1111111011110101
1111111011111011
0000000001101101
0000000101001000
0000000001011001
1111111011101111
1111111100000001
0000000001110111
0000000101000111
0000000001001111
1111111011101001
1111111100000111
0000000010000000
0000000101000110
0000000001000101
1111111011100100
1111111100001110
0000000010001010
0000000101000101
0000000000111011
1111111011011111
1111111100010101
0000000010010011
0000000101000100
0000000000110001
1111111011011010
1111111100011101
0000000010011100
0000000101000010
0000000000100111
1111111011010110
1111111100100100
0000000010100101
0000000101000000
0000000000011101
1111111011010010
1111111100101100
0000000010101110
0000000100111101
0000000000010011
1111111011001110
1111111100110100
0000000010110110
0000000100111011
0000000000001000
1111111011001010
1111111100111100
0000000010111111
0000000100111000
1111111111111110
1111111011000111
1111111101000100
0000000011000111
0000000100110100
1111111111110100
1111111011000100
1111111101001101
0000000011001111
0000000100110001
1111111111101001
1111111011000010
1111111101010110
0000000011010111
0000000100101101
1111111111011111
1111111010111111
1111111101011111
0000000011011111
0000000100101000
1111111111010101
1111111010111101
1111111101101000
0000000011100110
0000000100100100
1111111111001011
1111111010111100
1111111101110001
0000000011101101
0000000100011111
1111111111000001
1111111010111010
1111111101111010
0000000011110100
0000000100011010
1111111110110111
1111111010111001
1111111110000100
0000000011111011
0000000100010101
1111111110101101
1111111010111001
1111111110001101
0000000100000010
0000000100001111
1111111110100011
1111111010111000
1111111110010111
0000000100001000
0000000100001001
1111111110011001
1111111010111000
1111111110100001
0000000100001110
0000000100000011
1111111110001111
1111111010111001
1111111110101011
0000000100010100
0000000011111100
1111111110000101
1111111010111001
1111111110110101
0000000100011001
0000000011110110
1111111101111100
1111111010111010
1111111110111111
0000000100011110
0000000011101111
1111111101110011
1111111010111011
1111111111001001
0000000100100011
0000000011101000
1111111101101001
1111111010111101
1111111111010011
0000000100101000
0000000011100000
1111111101100000
1111111010111111
1111111111011101
0000000100101100
0000000011011001
1111111101010111
1111111011000001
1111111111100111
0000000100110000
0000000011010001
1111111101001111
1111111011000100
1111111111110010
0000000100110100
0000000011001001
1111111101000110
1111111011000111
1111111111111100
0000000100110111
0000000011000001
1111111100111110
1111111011001010
0000000000000110
0000000100111010
0000000010111000
1111111100110110
1111111011001101
0000000000010000
0000000100111101
0000000010110000
1111111100101110
1111111011010001
0000000000011011
0000000100111111
0000000010100111
1111111100100110
1111111011010101
0000000000100101
0000000101000001
0000000010011110
1111111100011110
1111111011011001
0000000000101111
0000000101000011
0000000010010101
1111111100010111
1111111011011110
0000000000111001
0000000101000101
0000000010001100
1111111100010000
1111111011100011
0000000001000011
0000000101000110
0000000010000010
1111111100001001
1111111011101000
0000000001001101
0000000101000111
0000000001111001
1111111100000010
1111111011101110
0000000001010111
0000000101000111
0000000001101111
1111111011111100
1111111011110011
0000000001100001
0000000101001000
0000000001100101
1111111011110110
1111111011111001
0000000001101011
0000000101001000
0000000001011011
1111111011110000
1111111100000000
0000000001110101
0000000101000111
0000000001010001
1111111011101010
1111111100000110
0000000001111110
0000000101000110
0000000001000111
1111111011100101
1111111100001101
0000000010001000
0000000101000101
0000000000111101
1111111011100000
1111111100010100
0000000010010001
0000000101000100
0000000000110011
1111111011011011
1111111100011011
0000000010011010
0000000101000010
0000000000101001
1111111011010111
1111111100100011
0000000010100011
0000000101000000
0000000000011111
1111111011010010
1111111100101010
0000000010101100
0000000100111110
0000000000010101
1111111011001111
1111111100110010
0000000010110101
0000000100111011
0000000000001010
1111111011001011
1111111100111010
0000000010111101
0000000100111000
0000000000000000
1111111011001000
1111111101000011
0000000011000110
0000000100110101
1111111111110110
1111111011000101
1111111101001011
0000000011001110
0000000100110001
1111111111101011
1111111011000010
1111111101010100
0000000011010110
0000000100101110
1111111111100001
1111111011000000
1111111101011101
0000000011011101
0000000100101001
1111111111010111
1111111010111110
1111111101100110
0000000011100101
0000000100100101
1111111111001101
1111111010111100
1111111101101111
0000000011101100
0000000100100000
1111111111000011
1111111010111011
1111111101111000
0000000011110011
0000000100011011
1111111110111001
1111111010111010
1111111110000010
0000000011111010
0000000100010110
1111111110101111
1111111010111001
1111111110001011
0000000100000000
0000000100010000
1111111110100101
1111111010111000
1111111110010101
0000000100000111
0000000100001010
1111111110011011
1111111010111000
1111111110011111
0000000100001101
0000000100000100
1111111110010001
1111111010111001
1111111110101001
0000000100010010
0000000011111110
1111111110000111
1111111010111001
1111111110110011
0000000100011000
0000000011110111
1111111101111110
1111111010111010
1111111110111101
0000000100011101
0000000011110000
1111111101110100
1111111010111011
1111111111000111
0000000100100010
0000000011101001
1111111101101011
1111111010111101
1111111111010001
0000000100100111
0000000011100010
1111111101100010
1111111010111111
1111111111011011
0000000100101011
0000000011011010
1111111101011001
1111111011000001
1111111111100101
0000000100101111
0000000011010010
1111111101010000
1111111011000011
1111111111110000
0000000100110011
0000000011001010
1111111101001000
1111111011000110
1111111111111010
0000000100110110
0000000011000010
1111111100111111
1111111011001001
0000000000000100
0000000100111001
0000000010111010
1111111100110111
1111111011001100
0000000000001110
0000000100111100
0000000010110001
1111111100101111
1111111011010000
0000000000011001
0000000100111111
0000000010101001
1111111100100111
1111111011010100
0000000000100011
0000000101000001
0000000010100000
1111111100100000
1111111011011000
0000000000101101
0000000101000011
0000000010010111
1111111100011000
1111111011011101
0000000000110111
0000000101000101
0000000010001101
1111111100010001
1111111011100010
0000000001000001
0000000101000110
0000000010000100
1111111100001010
1111111011100111
0000000001001011
0000000101000111
0000000001111011
1111111100000100
1111111011101100
0000000001010101
0000000101000111
0000000001110001
1111111011111101
1111111011110010
0000000001011111
0000000101001000
0000000001100111
1111111011110111
1111111011111000
0000000001101001
0000000101001000
0000000001011101
1111111011110001
1111111011111110
0000000001110011
0000000101000111
0000000001010011
1111111011101011
1111111100000101
0000000001111100
0000000101000111
0000000001001001
1111111011100110
1111111100001100
0000000010000110
0000000101000110
0000000000111111
1111111011100001
1111111100010011
0000000010001111
0000000101000100
0000000000110101
1111111011011100
1111111100011010
0000000010011000
0000000101000011
0000000000101011
1111111011011000
1111111100100001
0000000010100001
0000000101000001
0000000000100001
1111111011010011
1111111100101001
0000000010101010
0000000100111110
0000000000010111
1111111011001111
1111111100110001
0000000010110011
0000000100111100
0000000000001100
1111111011001100
1111111100111001
0000000010111100
0000000100111001
0000000000000010
1111111011001000
1111111101000001
0000000011000100
0000000100110110
1111111111111000
1111111011000101
1111111101001010
0000000011001100
0000000100110010
1111111111101101
1111111011000011
1111111101010010
0000000011010100
0000000100101110
1111111111100011
1111111011000000
1111111101011011
0000000011011100
0000000100101010
1111111111011001
1111111010111110
1111111101100100
0000000011100011
0000000100100110
1111111111001111
1111111010111100
1111111101101101
0000000011101011
0000000100100001
1111111111000101
1111111010111011
1111111101110110
0000000011110010
0000000100011100
1111111110111011
1111111010111010
1111111110000000
0000000011111001
0000000100010111
1111111110110001
1111111010111001
1111111110001001
0000000011111111
0000000100010001
1111111110100111
1111111010111000
1111111110010011
0000000100000101
0000000100001011
1111111110011101
1111111010111000
1111111110011101
0000000100001011
0000000100000101
1111111110010011
1111111010111000
1111111110100111
0000000100010001
0000000011111111
1111111110001001
1111111010111001
1111111110110001
0000000100010111
0000000011111001
1111111110000000
1111111010111010
1111111110111011
0000000100011100
0000000011110010
1111111101110110
1111111010111011
1111111111000101
0000000100100001
0000000011101011
1111111101101101
1111111010111100
1111111111001111
0000000100100110
0000000011100011
1111111101100100
1111111010111110
1111111111011001
0000000100101010
0000000011011100
1111111101011011
1111111011000000
1111111111100011
0000000100101110
0000000011010100
1111111101010010
1111111011000011
1111111111101101
0000000100110010
0000000011001100
1111111101001010
1111111011000101
1111111111111000
0000000100110110
0000000011000100
1111111101000001
1111111011001000
0000000000000010
0000000100111001
0000000010111100
1111111100111001
1111111011001100
0000000000001100
0000000100111100
0000000010110011
1111111100110001
1111111011001111
0000000000010111
0000000100111110
0000000010101010
1111111100101001
1111111011010011
0000000000100001
0000000101000001
0000000010100001
1111111100100001
1111111011011000
0000000000101011
0000000101000011
0000000010011000
1111111100011010
1111111011011100
0000000000110101
0000000101000100
0000000010001111
1111111100010011
1111111011100001
0000000000111111
0000000101000110
0000000010000110
1111111100001100
1111111011100110
0000000001001001
0000000101000111
0000000001111100
1111111100000101
1111111011101011
0000000001010011
0000000101000111
0000000001110011
1111111011111110
1111111011110001
0000000001011101
0000000101001000
0000000001101001
1111111011111000
1111111011110111
0000000001100111
0000000101001000
0000000001011111
1111111011110010
1111111011111101
0000000001110001
0000000101000111
0000000001010101
1111111011101100
1111111100000100
0000000001111011
0000000101000111
0000000001001011
1111111011100111
1111111100001010
0000000010000100
0000000101000110
0000000001000001
1111111011100010
1111111100010001
0000000010001101
0000000101000101
0000000000110111
1111111011011101
1111111100011000
0000000010010111
0000000101000011
0000000000101101
1111111011011000
1111111100100000
0000000010100000
0000000101000001
0000000000100011
1111111011010100
1111111100100111
0000000010101001
0000000100111111
0000000000011001
1111111011010000
1111111100101111
0000000010110001
0000000100111100
0000000000001110
1111111011001100
1111111100110111
0000000010111010
0000000100111001
0000000000000100
1111111011001001
1111111100111111
0000000011000010
0000000100110110
1111111111111010
1111111011000110
1111111101001000
0000000011001010
0000000100110011
1111111111110000
1111111011000011
1111111101010000
0000000011010010
0000000100101111
1111111111100101
1111111011000001
1111111101011001
0000000011011010
0000000100101011
1111111111011011
1111111010111111
1111111101100010
0000000011100010
0000000100100111
1111111111010001
1111111010111101
1111111101101011
0000000011101001
0000000100100010
1111111111000111
1111111010111011
1111111101110100
0000000011110000
0000000100011101
1111111110111101
1111111010111010
1111111101111110
0000000011110111
0000000100011000
1111111110110011
1111111010111001
1111111110000111
0000000011111110
0000000100010010
1111111110101001
1111111010111001
1111111110010001
0000000100000100
0000000100001101
1111111110011111
1111111010111000
1111111110011011
0000000100001010
0000000100000111
1111111110010101
1111111010111000
1111111110100101
0000000100010000
0000000100000000
1111111110001011
1111111010111001
1111111110101111
0000000100010110
0000000011111010
1111111110000010
1111111010111010
1111111110111001
0000000100011011
0000000011110011
1111111101111000
1111111010111011
1111111111000011
0000000100100000
0000000011101100
1111111101101111
1111111010111100
1111111111001101
0000000100100101
0000000011100101
1111111101100110
1111111010111110
1111111111010111
0000000100101001
0000000011011101
1111111101011101
1111111011000000
1111111111100001
0000000100101110
0000000011010110
1111111101010100
1111111011000010
1111111111101011
0000000100110001
0000000011001110
1111111101001011
1111111011000101
1111111111110110
0000000100110101
0000000011000110
1111111101000011
1111111011001000
0000000000000000
